4.27651245278e-07 1535 534
0.000425085337806 1536 392
0.000609830675766 1537 230
0.00509674754122 1539 469
0.210345396805 1535 537
0.210589585666 1536 392
0.2185169568 1539 470
0.220213021638 1537 230
0.421404543538 1535 536
0.42298514254 1537 232
0.429467907768 1536 391
0.451465004871 1539 470
0.632784856356 1535 535
0.635893025607 1536 396
0.636188104966 1537 236
0.643401726171 1539 469
0.843436023801 1535 534
0.857960343045 1536 392
0.858173741016 1539 473
0.86007080194 1537 236
1.05955556772 1536 391
1.06363878181 1537 234
1.07231924679 1539 471
1.07708199871 1535 534
1.26624753994 1535 534
1.26982569791 1536 392
1.27382252644 1537 229
1.27521966306 1539 466
1.48054913841 1535 533
1.48183893457 1536 393
1.50667093178 1537 232
1.51040261654 1539 471
1.72602394676 1539 465
1.7334898822 1535 537
1.76166140798 1537 236
1.90371988159 1535 536
1.92968045044 1537 231
1.93289040068 1536 391
1.93363879036 1539 470
2.11902432224 1535 534
2.13236575814 1537 239
2.13347080895 1536 394
2.13422176454 1539 468
2.32572955164 1535 536
2.33232008498 1537 236
2.33694727146 1536 392
2.35865955283 1539 470
2.54119949332 1535 532
2.54377181556 1536 390
2.55195620509 1539 468
2.56379530217 1537 231
2.75364251948 1535 537
2.75625247503 1536 395
2.7672311378 1539 468
2.78498379629 1537 230
2.97212569183 1535 534
2.97670968553 1536 394
2.97759877247 1539 467
2.97835828108 1537 237
3.17466901932 1535 534
3.18521703728 1536 396
3.18631738394 1537 232
3.18993103696 1539 473
3.38849378666 1535 537
3.38971686922 1537 237
3.39267707114 1536 397
3.4001182028 1539 468
3.60339452452 1535 538
3.60354548541 1537 238
3.60420193008 1536 391
3.60587917826 1539 472
3.81088962578 1535 537
3.82446584221 1537 238
3.82502521004 1536 391
3.82556105705 1539 477
4.02456300458 1535 535
4.03319471731 1537 233
4.03678827072 1536 390
4.03864299417 1539 525
4.23267734483 1535 537
4.24967477123 1539 477
4.25886799005 1536 388
4.27063267581 1537 232
4.45479426982 1536 395
4.45502605679 1537 234
4.46238336881 1539 467
4.462618577 1535 534
4.65862696581 1535 536
4.66518243174 1537 234
4.66599881797 1536 393
4.66960177971 1539 477
4.87093442652 1535 539
4.90250150319 1536 390
4.90371389447 1539 475
4.90409920825 1537 229
5.10085085492 1535 538
5.11031734288 1536 391
5.11072489452 1539 478
5.11112218253 1537 230
5.29520038454 1535 533
5.3063967218 1537 231
5.3177470135 1536 401
5.31818749428 1539 481
5.51128828227 1535 527
5.51178435771 1537 226
5.51236724636 1536 390
5.51611475422 1539 466
5.72070738648 1535 518
5.73106595494 1539 467
5.73443798501 1536 388
5.74794534959 1537 230
5.93611574638 1535 511
5.93661481538 1536 381
5.93796576566 1539 462
5.94156060203 1537 233
6.14995548151 1535 493
6.15044899104 1536 381
6.16200027883 1539 450
6.17634583985 1537 243
6.35550434194 1535 475
6.36157399607 1536 379
6.36216287183 1537 263
6.36892532097 1539 444
6.56750817028 1535 459
6.57183984974 1536 374
6.57235089298 1537 279
6.57969537546 1539 442
6.77862077342 1535 446
6.79745196835 1536 372
6.79795830742 1539 437
6.8091631977 1537 297
6.99530182342 1535 432
6.99687814591 1537 307
6.99739261036 1536 374
7.00718325797 1539 438
7.20625106378 1535 416
7.21061652769 1537 324
7.21947404029 1539 447
7.23287363675 1536 351
7.41613630785 1535 401
7.42110989183 1537 332
7.4220969109 1536 345
7.42925835866 1539 452
7.62745974305 1535 387
7.6352053624 1537 352
7.63703357148 1536 340
7.64079433653 1539 460
7.84501833341 1535 380
7.84572139206 1537 365
7.84622516522 1539 472
7.84725623238 1536 331
8.0494343457 1535 370
8.05596885673 1536 324
8.05750155879 1537 365
8.08913021724 1539 485
8.26288791175 1535 374
8.27004636595 1537 383
8.27337605854 1536 306
8.2842469532 1539 510
8.48686169844 1535 374
8.48896274901 1536 312
8.48945882446 1539 526
8.48993394499 1537 389
8.68740618401 1535 373
8.69156380941 1537 394
8.70042602617 1536 281
8.70074248809 1539 542
8.89876254836 1535 381
8.90492970696 1536 271
8.90537617486 1537 400
8.90755249205 1539 552
9.12465349558 1535 391
9.12516068996 1539 565
9.12561485558 1536 262
9.13025487159 1537 399
9.32172117652 1535 417
9.33837434366 1539 571
9.33886443199 1536 246
9.35976289304 1537 396
9.53445586083 1535 415
9.54037883058 1537 395
9.54566759353 1536 230
9.54632403819 1539 582
9.74781534361 1535 413
9.75119678201 1537 389
9.75167831731 1536 226
9.75763678211 1539 583
9.96260318155 1535 418
9.97190117493 1537 391
9.97240323749 1536 221
9.9774195866 1539 594
10.1809879941 1535 424
10.1817445092 1537 388
10.1888033206 1539 598
10.2103364161 1536 211
10.3870594444 1535 438
10.3878369143 1537 386
10.3885339859 1536 206
10.4086010929 1539 604
10.5989726106 1537 380
10.6017074404 1536 201
10.6070278495 1539 610
10.6079378914 1535 443
10.8089981243 1535 465
10.8125001604 1537 366
10.8166706153 1539 609
10.8172235684 1536 196
11.0188196484 1535 466
11.0313712124 1539 612
11.048178334 1536 197
11.0487052003 1537 354
11.2294481503 1535 478
11.2507195232 1536 187
11.2577672157 1539 616
11.2579254467 1537 337
11.4450438214 1535 488
11.4519713439 1536 189
11.452422516 1539 616
11.4619852255 1537 324
11.6632460269 1537 306
11.6644237784 1536 187
11.6649591978 1539 615
11.6744350941 1535 502
11.8780381414 1535 508
11.8870632932 1537 292
11.8875542369 1536 190
11.88799429 1539 611
12.0783277468 1535 520
12.0854879116 1536 208
12.0862491308 1537 278
12.0936496356 1539 604
12.2912860927 1535 527
12.2957349486 1537 258
12.2975597365 1536 219
12.305874132 1539 602
12.5024607053 1535 538
12.5079337859 1537 243
12.5096264295 1536 231
12.5104988381 1539 594
12.7226955371 1535 554
12.7285137323 1537 222
12.7290038206 1536 245
12.7294327548 1539 585
12.9426951608 1535 557
12.9472714568 1537 202
12.9478017443 1539 577
12.9484932564 1536 260
13.1409324679 1535 564
13.1431130616 1537 192
13.1435967351 1536 277
13.157724194 1539 564
13.3498499372 1535 571
13.3579231374 1536 299
13.3584316147 1537 186
13.3625250924 1539 558
13.5653070493 1535 587
13.5692016692 1536 318
13.582370334 1539 543
13.5832966266 1537 162
13.7748856674 1535 597
13.8058882445 1537 147
13.8090900693 1539 535
13.809802964 1536 344
13.9924498173 1535 605
13.9929433268 1537 126
13.9934133155 1536 363
13.9955464399 1539 530
14.2015858163 1537 124
14.2027935035 1536 381
14.2145564786 1539 524
14.2175624392 1535 618
14.409431164 1535 624
14.4146968338 1537 119
14.4267262356 1539 519
14.4272201728 1536 412
14.6319449493 1535 642
14.6347563286 1536 437
14.6360456971 1539 509
14.6411988946 1537 115
14.8510571966 1537 123
14.8518256859 1535 651
14.8745134398 1539 509
14.8750069493 1536 460
15.0453870543 1535 670
15.052013938 1537 151
15.0554120548 1536 482
15.0697263973 1539 498
15.2578219551 1535 684
15.2724424959 1536 497
15.2729000827 1537 150
15.2735890289 1539 503
15.4711168625 1535 693
15.4853614979 1536 513
15.4943485888 1537 166
15.4979831967 1539 494
15.6834238956 1535 707
15.6869605714 1537 187
15.6874220071 1536 537
15.6907884777 1539 487
15.9063995443 1535 716
15.9072150752 1536 554
15.9086216202 1539 493
15.9144928441 1537 191
16.1081803696 1535 736
16.111932154 1536 577
16.1190713639 1539 498
16.1227316309 1537 207
16.3324616375 1535 749
16.3339019669 1537 219
16.3344313992 1536 605
16.3371859009 1539 500
16.5316573111 1535 764
16.537565313 1537 229
16.5383761398 1536 621
16.540874906 1539 546
16.7455286924 1535 778
16.7460649671 1537 254
16.7476981672 1536 634
16.7536262687 1539 558
16.9565241191 1535 776
16.9753754136 1537 269
16.9758676402 1539 508
16.9764274357 1536 657
17.1676512624 1535 795
17.201142342 1536 669
17.2016828932 1537 287
17.2021387694 1539 501
17.3769925341 1535 806
17.3886751108 1536 692
17.389222932 1537 298
17.3896219306 1539 503
17.5927767994 1535 810
17.5992818025 1537 302
17.6011112945 1536 693
17.6017484949 1539 501
17.8081056162 1536 692
17.8126297387 1535 816
17.816060357 1539 514
17.817399333 1537 302
18.0136929652 1535 814
18.0198301882 1537 300
18.0219192646 1536 694
18.02782299 1539 518
18.2249851819 1535 811
18.2327461967 1536 687
18.2338533858 1537 301
18.2346094732 1539 516
18.4507675057 1535 810
18.453337262 1539 525
18.4537820193 1537 301
18.481587048 1536 692
18.6479844369 1535 819
18.6582703047 1537 295
18.6702761857 1536 675
18.6707705506 1539 535
18.8802144585 1537 288
18.8836283984 1539 547
18.8941657251 1536 684
18.8946737748 1535 831
19.0754051782 1535 841
19.0795722119 1536 686
19.0822458875 1537 288
19.0868119198 1539 565
19.2862295444 1535 852
19.2943450821 1537 282
19.3072212334 1539 574
19.3077840224 1536 688
19.4991126237 1535 856
19.507847828 1536 671
19.5097444613 1539 585
19.5177282824 1537 279
19.7095940136 1535 858
19.7189578652 1536 679
19.7233917533 1539 602
19.7239532594 1537 267
19.9265940914 1535 850
19.9272415554 1537 258
19.9277171036 1536 670
19.9310275519 1539 594
20.1325727413 1535 845
20.1393984829 1537 242
20.1396123085 1536 648
20.1437434195 1539 593
20.3467849607 1535 838
20.3575981224 1539 600
20.3598723718 1536 632
20.3603457817 1537 225
20.564964073 1535 819
20.5656945013 1537 207
20.5661858726 1536 607
20.5720844663 1539 592
20.7690995461 1535 806
20.7795731527 1537 191
20.7802385781 1536 598
20.7973561745 1539 571
20.9903385031 1535 794
20.9943481611 1536 568
20.9971946078 1537 173
20.9977150594 1539 565
21.1934069863 1535 784
21.2053414496 1536 546
21.2055326097 1537 150
21.2056921236 1539 564
21.4086776425 1535 760
21.4124683431 1536 516
21.4147515731 1539 571
21.4312999657 1537 127
21.6224416833 1536 505
21.6227294926 1537 104
21.6255160681 1535 744
21.6469533698 1539 565
21.8351331749 1535 736
21.8357596839 1537 82
21.8409659102 1536 484
21.8440531245 1539 561
22.0415848071 1535 721
22.0474620182 1537 75
22.0479345728 1536 463
22.0529735874 1539 566
22.2585536664 1535 706
22.2606072477 1536 437
22.2611593454 1537 63
22.2659939427 1539 569
22.4696235044 1535 691
22.4720705248 1536 415
22.4746419918 1539 576
22.4928736196 1537 61
22.6803593468 1535 673
22.68291328 1537 71
22.6839148392 1536 389
22.6873822355 1539 571
22.905585724 1535 669
22.9315933345 1537 84
22.9320526319 1539 586
22.9389472253 1536 361
23.1026863341 1535 651
23.1100808517 1536 346
23.1169232717 1539 590
23.1345343776 1537 100
23.3137394937 1535 639
23.3211690788 1537 121
23.3216989387 1536 312
23.327927679 1539 595
23.5258938553 1535 620
23.5445501408 1537 144
23.5451509908 1539 603
23.564983745 1536 287
23.7381097986 1535 609
23.7581131856 1537 170
23.7586806788 1539 606
23.76836142 1536 264
23.9525379818 1535 600
23.9555909841 1537 191
23.9570817763 1536 236
23.9697231471 1539 622
24.1664658131 1535 583
24.1688474029 1536 217
24.1765793374 1537 207
24.2653071348 1539 625
24.3747520692 1535 576
24.3912354588 1536 193
24.3917503509 1537 243
24.4074323221 1539 629
24.6237913507 1535 552
24.6250807192 1536 183
24.6259479959 1539 632
24.6266912538 1537 259
24.8114712315 1537 282
24.8119754323 1535 544
24.8124629547 1539 633
24.8195666695 1536 167
25.0093728323 1535 525
25.0183346918 1536 158
25.0188051082 1539 644
25.0313391386 1537 315
25.2205863612 1535 510
25.236333763 1537 344
25.2364881451 1536 161
25.2366172958 1539 643
25.4396549881 1535 489
25.4405885507 1536 163
25.4426468362 1539 633
25.4591272322 1537 378
25.6478582798 1535 469
25.6488050997 1537 384
25.6599702184 1536 172
25.6639623427 1539 636
25.8639265056 1536 188
25.8754243369 1535 445
25.8783327931 1539 629
25.8985209254 1537 400
26.0707442073 1535 422
26.0803479713 1537 415
26.0813208778 1536 203
26.0821915758 1539 617
26.2802646648 1535 404
26.2881599621 1536 223
26.2920571479 1539 605
26.3157661329 1537 430
26.4930297124 1535 385
26.5133307446 1536 248
26.54999799 1539 597
26.5505021909 1537 440
26.7119918541 1535 360
26.718520378 1536 270
26.7190117493 1539 587
26.7310308875 1537 457
26.9183596667 1535 330
26.9229145801 1537 466
26.9354165366 1539 582
26.9597806833 1536 290
27.1364699271 1535 311
27.1425404366 1536 318
27.1430412162 1537 489
27.1437797699 1539 566
27.3417433802 1535 292
27.3468910182 1536 334
27.3600947504 1539 555
27.3655759564 1537 499
27.554150056 1535 267
27.5683882765 1537 514
27.5730090482 1539 550
27.574439114 1536 353
27.7645715747 1535 248
27.769046945 1536 377
27.7716325244 1537 529
27.7793229768 1539 538
27.9796976848 1535 228
27.9804272578 1536 402
27.9829401365 1537 549
28.0021510858 1539 523
28.1908094326 1535 200
28.2036342658 1536 430
28.2038450979 1539 513
28.2040294156 1537 562
28.405861559 1535 180
28.4065894214 1536 456
28.4158352414 1539 505
28.4194146823 1537 577
28.6220499548 1537 600
28.6286400605 1536 476
28.6295270092 1535 158
28.6300239399 1539 498
28.8240172361 1535 137
28.8281235433 1536 501
28.8411228582 1537 608
28.8416244931 1539 488
29.0367053064 1535 122
29.039025742 1536 511
29.0473234592 1537 625
29.0493967124 1539 476
29.2533196428 1536 542
29.2567596694 1535 99
29.2569722121 1537 641
29.2608398899 1539 469
29.4744593847 1536 561
29.4783219307 1535 96
29.4789668288 1537 651
29.479728048 1539 460
29.6768355005 1535 91
29.6810316145 1536 583
29.6817603323 1537 659
29.6842937382 1539 438
29.8953379172 1535 96
29.8957582984 1537 670
29.8960426864 1539 431
29.8963163832 1536 594
30.0982875134 1536 608
30.1148008385 1535 98
30.1153473768 1537 673
30.1158109508 1539 412
30.3100373168 1535 118
30.3120960299 1536 623
30.3148736248 1537 676
30.3210027224 1539 395
30.5252049091 1535 126
30.5481291541 1537 673
30.5510226424 1536 629
30.5515336857 1539 386
30.7318233253 1535 136
30.7400598883 1536 634
30.740641494 1537 670
30.748987108 1539 370
30.9462031839 1535 159
30.9474514979 1536 642
30.9549935553 1539 346
30.9555302576 1537 660
31.1586894029 1535 180
31.1613938694 1536 634
31.1632515864 1537 651
31.1682978711 1539 329
31.3678818519 1535 189
31.3720103971 1536 644
31.3743569194 1537 643
31.3781583114 1539 307
31.5838145123 1535 219
31.5845902716 1536 643
31.5936633204 1537 632
31.6010155006 1539 283
31.7956861964 1535 241
31.7961878313 1536 658
31.7966377204 1537 619
31.8092337602 1539 261
32.0050608248 1535 259
32.0072328655 1536 658
32.0140064336 1537 612
32.0145623802 1539 236
32.2180880226 1535 285
32.2182924399 1536 663
32.2239344428 1537 603
32.2262176728 1539 211
32.4301820853 1535 297
32.4351304379 1536 675
32.4624988347 1537 597
32.4674249493 1539 192
32.6458970712 1535 321
32.6495684571 1536 679
32.6500863428 1539 188
32.6717674056 1537 588
32.8562629953 1535 351
32.8648656277 1536 692
32.8665018214 1537 590
32.8670201347 1539 153
33.0666451701 1535 382
33.0705261051 1536 705
33.0711671543 1537 579
33.0874007956 1539 134
33.2960719378 1536 712
33.2968442759 1535 402
33.297342062 1539 109
33.3014150124 1537 577
33.5039241278 1535 433
33.5072841837 1536 716
33.5078089117 1537 563
33.5092205885 1539 95
33.7054821468 1535 454
33.7060004602 1537 567
33.7091501116 1536 729
33.7150414351 1539 71
33.9240110779 1535 477
33.9258897498 1539 67
33.9270324339 1536 748
33.9438848865 1537 567
34.1304545847 1535 501
34.1313376845 1536 756
34.1320775212 1537 568
34.1389934971 1539 68
34.3414465902 1537 570
34.3421992564 1535 521
34.3462149016 1536 775
34.355780177 1539 74
34.5482437646 1535 539
34.5489553763 1536 787
34.5652745478 1539 87
34.5676608418 1537 572
34.7682416777 1535 556
34.7687591357 1537 567
34.7692017547 1536 799
34.7823640048 1539 106
34.9737854063 1535 577
34.976723798 1536 817
34.9773049761 1537 585
34.9804695953 1539 116
35.1901512774 1535 606
35.1904664563 1536 828
35.1937781876 1539 149
35.198037594 1537 590
35.402672136 1535 633
35.424025618 1536 835
35.4245212658 1537 584
35.4249634572 1539 166
35.6127100516 1535 653
35.61543419 1536 841
35.6161684672 1537 615
35.6234124517 1539 193
35.8247549345 1535 676
35.835324335 1536 840
35.8644490954 1537 603
35.8651799514 1539 202
36.0600721704 1535 684
36.0651937217 1536 840
36.0657214434 1539 211
36.0661803132 1537 603
36.2623828556 1535 683
36.2659447629 1537 604
36.2668338498 1536 843
36.2675813842 1539 231
36.4591597337 1535 690
36.4597156803 1536 845
36.4614647739 1537 574
36.4753818284 1539 246
36.6718328363 1535 673
36.6780363452 1536 836
36.6832669476 1537 585
36.8090776675 1539 232
36.88378834 1536 795
36.8842955344 1535 662
36.8887833065 1537 547
37.0871873976 1539 211
37.0981609286 1535 643
37.0989431027 1536 788
37.0996705375 1537 547
37.218131643 1539 193
37.3054340788 1535 625
37.4724767935 1536 783
37.4730844859 1537 540
37.4735566129 1539 185
37.5179810243 1535 608
37.5195701763 1536 779
37.5212217654 1537 531
37.5311069239 1539 166
37.7370145838 1535 596
37.7456728109 1539 156
37.7463741589 1537 524
37.7469305332 1536 774
37.9439118286 1536 758
37.9538063954 1535 575
37.9730930389 1539 146
37.9736139182 1537 515
38.1551052578 1535 554
38.1579957526 1536 748
38.1593753555 1537 524
38.1704134618 1539 127
38.3662559219 1535 532
38.3739331171 1536 734
38.3744770894 1539 104
38.3818921344 1537 513
38.5791608114 1535 505
38.5866408593 1536 719
38.5879973691 1539 104
38.6033385022 1537 523
38.7905885935 1535 487
38.7955835601 1536 711
38.8152448261 1539 101
38.8386518893 1537 532
39.0012782496 1535 459
39.0161737701 1536 696
39.024947463 1539 119
39.0361399514 1537 530
39.2165198255 1535 441
39.2168418469 1536 680
39.2203789503 1537 527
39.2313409347 1539 126
39.4277025634 1535 419
39.4282478188 1536 663
39.4286878719 1537 524
39.4378006923 1539 145
39.6367504664 1535 391
39.647048736 1537 527
39.6501791431 1539 150
39.6508719381 1536 656
39.8533220376 1535 365
39.8538356468 1536 639
39.8709451178 1537 533
39.8714364891 1539 170
40.0632355067 1535 342
40.0675000449 1536 625
40.0679918438 1537 535
40.078017272 1539 193
40.2722675865 1535 316
40.2911009197 1536 618
40.2966133443 1539 208
40.3091123072 1537 540
40.4876909142 1535 287
40.5311881777 1536 607
40.5410934358 1537 551
40.5479247368 1539 230
40.7034726136 1535 261
40.7042458071 1536 598
40.7139847089 1537 557
40.7286437383 1539 260
40.9103869645 1535 238
40.9229795831 1536 588
40.9319931884 1537 566
40.9344791251 1539 282
41.1352027965 1535 209
41.1361017194 1536 579
41.1364036412 1537 578
41.1366713509 1539 314
41.3350852779 1535 187
41.3648703319 1536 572
41.3654138766 1537 588
41.3658573509 1539 340
41.5443418747 1535 172
41.5492188095 1537 593
41.5580810262 1539 361
41.5777397263 1536 565
41.7606217878 1535 153
41.7684336931 1539 390
41.7746320703 1537 604
41.7983795439 1536 561
41.9730669522 1535 139
42.0023431012 1537 607
42.0028301959 1536 547
42.0032373199 1539 415
42.1832609605 1535 120
42.1865945019 1537 612
42.1925829023 1539 427
42.1974435864 1536 542
42.3943128371 1535 121
42.3947853918 1536 537
42.3986017515 1537 615
42.4032990728 1539 444
42.6211719868 1536 521
42.6216727664 1537 610
42.6223689826 1535 134
42.6228432479 1539 454
42.8167330524 1535 137
42.821523174 1536 506
42.8270655341 1537 604
42.8275466418 1539 467
43.0314537491 1535 151
43.0367626116 1536 495
43.0570692034 1539 473
43.0635682194 1537 596
43.2457878491 1535 157
43.2525609895 1537 596
43.2530711774 1536 484
43.2613894218 1539 478
43.4524289308 1535 162
43.457626604 1536 477
43.4582227498 1537 586
43.4878474346 1539 479
43.6729836458 1537 584
43.6772900938 1536 469
43.6778045582 1535 165
43.6795108867 1539 485
43.8980094545 1535 188
43.8985046747 1536 451
43.8992128651 1537 564
43.8996952557 1539 483
44.094025541 1535 192
44.0945216165 1536 439
44.0952037202 1537 549
44.1023895441 1539 481
44.3064694225 1535 209
44.3069723404 1536 427
44.3074123935 1537 533
44.3207940286 1539 486
44.5152171143 1535 225
44.5213731539 1536 408
44.5476839692 1537 519
44.5590154442 1539 486
44.7297838565 1535 240
44.7305326738 1536 397
44.7328394247 1537 506
44.7715354476 1539 491
44.9481562672 1535 262
44.9488559046 1537 489
44.949511494 1539 487
44.956176011 1536 380
45.1570955467 1535 283
45.1671363703 1539 487
45.1826271813 1536 375
45.1931593762 1537 467
45.3631977878 1535 302
45.3764887609 1537 449
45.3780543921 1539 482
45.387662005 1536 364
45.5916927035 1537 429
45.5938313874 1539 477
45.5943544049 1535 313
45.5978359136 1536 346
45.7855743827 1535 337
45.7904957932 1536 348
45.7910423315 1537 401
45.7938575596 1539 475
46.0085324976 1536 340
46.0093078294 1537 386
46.011998611 1539 468
46.0246190269 1535 357
46.2390775734 1535 380
46.2392563316 1536 338
46.2394094307 1537 357
46.2395603916 1539 461
46.4198017067 1535 400
46.4326265399 1536 337
46.4333133478 1537 330
46.4340275253 1539 464
46.6315647674 1535 427
46.6415076588 1536 328
46.6420323869 1537 310
46.644341276 1539 470
46.8531454177 1536 329
46.855705338 1535 448
46.8561796033 1537 293
46.8610287407 1539 482
47.055046413 1535 459
47.0614774324 1537 289
47.0621851952 1536 325
47.07126081 1539 483
47.2702041693 1535 475
47.2708229806 1536 332
47.2788722323 1537 278
47.296492319 1539 486
47.480791189 1535 487
47.4876383131 1536 333
47.4880385947 1537 282
47.4981341576 1539 494
47.7133791547 1535 489
47.7141741584 1539 488
47.7495028554 1536 340
47.765237 1537 278
47.9137320525 1535 488
47.9239512067 1536 341
47.924534523 1539 490
47.9250707977 1537 285
48.1173701672 1535 486
48.1213460408 1536 341
48.1225982037 1537 284
48.1297399795 1539 490
48.3267888438 1535 484
48.3347825009 1536 341
48.3370768498 1537 281
48.3388635767 1539 482
48.5519232759 1535 487
48.5526840675 1536 339
48.5531878407 1539 484
48.5683040292 1537 282
48.7622998913 1536 340
48.7628053751 1535 486
48.763232171 1539 488
48.7707926174 1537 282
48.9653662362 1535 485
48.9697167324 1536 339
48.9769166687 1537 282
48.992410901 1539 492
49.1809080233 1535 496
49.181185569 1537 282
49.1877329096 1539 488
49.1947044802 1536 338
49.3899944149 1535 486
49.3930268899 1536 340
49.3945441965 1537 281
49.4017479817 1539 483
49.5995696118 1535 479
49.6041018597 1536 334
49.6059026991 1537 282
49.6113368635 1539 485
49.8166834449 1536 340
49.8225811832 1539 492
49.8279417915 1535 481
49.8466861733 1537 279
50.0438094489 1535 482
50.0443251963 1536 341
50.0450851325 1537 279
50.045729603 1539 490
50.2343246574 1535 484
50.2414343594 1537 284
50.2418684254 1536 339
50.2521735375 1539 503
50.4539894302 1535 482
50.4544961969 1536 337
50.4549456584 1537 281
50.4820121333 1539 510
50.6754956692 1535 479
50.6947391199 1536 340
50.6952544397 1537 281
50.6957103159 1539 494
50.8878591522 1535 482
50.8883624977 1539 483
50.888808538 1537 281
50.896018738 1536 339
51.1011117222 1536 340
51.1025400773 1539 493
51.1099132125 1535 481
51.1259236198 1537 282
51.3110872007 1535 481
51.3150117561 1536 341
51.3155292141 1537 282
51.3159752544 1539 481
51.5095900792 1535 476
51.5264344064 1536 340
51.5267269199 1539 486
51.5364555581 1537 280
51.7211354654 1535 481
51.7237757842 1536 338
51.7274685527 1537 281
51.7323463428 1539 487
51.933011426 1535 484
51.9344303728 1536 341
51.9392683914 1537 281
51.9487143521 1539 483
52.1439858978 1535 483
52.1510849084 1536 337
52.1540027729 1539 491
52.1614918015 1537 281
52.3622466915 1535 480
52.3651427457 1536 341
52.3665522842 1537 281
52.3669632571 1539 485
52.5686222018 1535 482
52.5999861441 1536 340
52.6004894896 1539 492
52.6009299704 1537 279
52.7838774625 1535 481
52.7857373178 1537 279
52.7892380709 1536 338
52.7942976128 1539 485
52.9980550421 1535 482
53.0055034439 1536 340
53.0064648039 1537 281
53.0075061347 1539 491
53.2079227525 1536 339
53.2081417099 1535 481
53.2204999756 1539 484
53.2312028033 1537 282
53.4163334551 1535 479
53.4239293965 1536 341
53.425118267 1539 487
53.4294542229 1537 280
53.6321091674 1535 479
53.6422731545 1536 336
53.6427273202 1537 282
53.6436454874 1539 481
53.8521331672 1537 283
53.8526596059 1536 343
53.8531099226 1539 489
53.8535649435 1535 478
